%YAML:1.0
---
H: !!opencv-matrix
  rows: 3
  cols: 3
  dt: d
  data: [ 0.0000000000e+00, 0.0000000000e+00, 1.0000000000e+00, -9.0210979561e-04, 0.0000000000e+00, 5.7735026919e-01, 0.0000000000e+00, 5.7095556684e-04, -2.0554400406e-01 ]
