%YAML:1.0
---
C: !!opencv-matrix
   rows: 3
   cols: 3
   dt: f
   data: [ 2.138484, 0.614768505, -734.631775, 0.175840557, 2.19052076,
       -473.807129, 0.000466522237, 0.000990189612, 1. ]
